spd:80.250000
pos:1652.800781:543.821655
keymap:16:25:18:3:11
quest:5:5
atk:40
pv:50