spd:60.250000
pos:140.728806:1000.379089
keymap:16:25:18:3:11
quest:4:5
atk:20
hp:200